400833173
400820668
400820673
400827733
400853630
400833174
400833175
400833176
400833177
400833178
400830814
400816785
